function externalDosInit() {

  g_externalDos = `

|musicTitle=Combative InstinctⅡ,Trial,http://trialmsc.com/|
|difData=14,Easy,3.5,x,10,5,50$14,Normal,2.5,70,2,5$9A,Normal,2,70,3,7$7i$5,Hard,2.5,70,2,5$11L,Hard,3.5,70,2,5$12,Hard,3.5,80,2,5|
|setColor=0x6666ff,0x99ffff,0xffffff,0xffff99,0xff9966|
|frzColor=0x00ffff,0x6600ff,0xffff66,0xffff66|
|scoreLabel=283-1,283-2|
|startFrame=0|fadeFrame=5847$5847|endFrame=$7200$3600|
|gaugeNormal=$80,1,7,40|
|gaugeEasy=$50,3,5,40$50,3,5,40$$70,3,5,10$60,3,9,35$90,4,9,35|
|musicUrl=nosound.mp3|

|oni_data=2474,3350,3540,4108,5648|left_data=248,437,2190,2521,2545,2569,3374,3398,4274|leftdia_data=627,1764,2711,2735,2758,3232,3469,3492,4321,4369,5269,5292,5316|down_data=342,532,1953,2048,2237,2616,2640,2664,3327,3398,4132,4203,4250|space_data=674,769,1811,3256,3516,5364,5387,5411|up_data=295,485,2332,3303,3445,4156,4227,4298|rightdia_data=721,1858,2142,2379,3185,3492,4416,5340,5435|right_data=390,579,3279,3421,3445,4179|sleftdia_data=1006,1385,2853,3658,3706,3990,4582,4866,5553|sleft_data=2995,3114,3611,4487,4677,5458|sdown_data=816,864,1100,1479,2900,3161,3587,3729,3824,4085,4511,4606,4819,5482|sup_data=1053,1432,3042,3753,3848,4653,5506|sright_data=911,2829,2948,3137,3564,3895,4464,4842,5529|srightdia_data=1195,1290,1574,1669,3090,3942,4037,4061,4700,4748,4795,5624|foni_data=|frzLeft_data=|frzLdia_data=|frzDown_data=|frzSpace_data=|frzUp_data=|frzRdia_data=4890,4985|frzRight_data=|sfrzLdia_data=|sfrzLeft_data=|sfrzDown_data=2806,2829|sfrzUp_data=|sfrzRight_data=|sfrzRdia_data=2427,2450|speed_change=400,0.25|color_data=200,30,0x00ffcc,200,31,0x339999,200,34,0xcc99ff,200,35,0x9966ff||tuning=ティックル,http://cw7.sakura.ne.jp/|
|boost_data=200,3|

|oni2_data=1029,1077,1124,1171,1219,1266,1314,1361,1408,1456,1503,1550,1598,1645,1740,2829,3350,3635,3729,4108,4392,4487,5648|left2_data=248,437,816,864,3232,3410,3469,4132,4369,4440,4464,4511,5056,5506|leftdia2_data=627,650,698,1764,1811,1835,1882,2048,2214,2261,2320,2912,3220,3445,3540,4179,4392,4606,4629,4653,4677,4842,4914,4937,4961,4985,5008,5032,5387,5423,5612|down2_data=342,532,792,828,1953,2000,2016,2367,3196,3244,3398,3481,3540,3658,3682,3694,3706,3729,4144,4345,4381,4452,4523,4546,4570,4594,5079,5103,5127,5150,5174,5198,5221,5292,5328,5517|space2_data=721,745,1006,1053,1148,1195,1242,1258,1385,1432,1479,1527,1574,2119,2225,2308,3433,3457,3564,3587,3599,3611,3635,4191,4404,4606,5245,5375,5411,5482|up2_data=295,485,864,1085,1171,1274,1456,1562,1621,1637,1977,2032,2142,2202,2237,2261,2356,3208,3256,3386,3492,3516,4156,4357,4511,4535,4558,4582,5281,5316,5340,5435,5553,5577,5589|rightdia2_data=674,769,1069,1160,1444,1539,1653,1787,1858,1906,2119,2308,2900,3185,3421,4203,4617,4641,4665,4689,4854,5364,5399,5458,5494,5600|right2_data=390,579,840,1100,1183,1467,1550,2142,2190,2237,3374,3504,5269,5304,5340,5529|sleftdia2_data=1006,1053,1100,1148,1195,1242,1290,1337,2166,2332,2486,2711,2948,3042,3090,3339,3942,4085,4306,4487,4748,4866|sleft2_data=887,982,1385,1432,1479,1527,1574,1621,1716,1929,2095,2296,2498,2545,2687,2746,2806,2889,2983,3019,3114,3753,3777,3789,3824,3931,3990,4061,4250,4321,4700,4736,4760|sdown2_data=911,946,1314,1669,1692,2071,2285,2557,2600,2735,2770,2794,2853,2971,3031,3125,3315,3812,3836,3895,3978,4227,4321,4416,4724,4795,4819|sup2_data=935,958,2095,2474,2569,2585,3007,3848,3871,3883,4712,4807,4831|sright2_data=887,982,1290,1692,1835,2071,2285,2379,2395,2510,2758,2924,3137,3800,3919,3966,4073,4239,4314,4416,4700,4771|srightdia2_data=2411,2521,2782,2877,2995,3161,3279,3303,3327,3350,4014,4037,4274,4298,4748,4866,5624|foni2_data=|frzLeft2_data=|frzLdia2_data=|frzDown2_data=|frzSpace2_data=|frzUp2_data=|frzRdia2_data=|frzRight2_data=|sfrzLdia2_data=|sfrzLeft2_data=|sfrzDown2_data=2427,2450,2652,2669|sfrzUp2_data=4890,4985|sfrzRight2_data=2616,2634|sfrzRdia2_data=|speed2_change=|boost2_data=|color2_data=200,30,0x00ffcc,200,31,0x339999,200,34,0xcc99ff,200,35,0x9966ff|


  `;
}
